15.2941 14.3333 11.8519
21.5686 21.3333 25.1852
27.3203 24 28.1481
43.0065 35.6667 37.7778
50.1961 47.6667 40
55.9477 51 50.3704
54.7712 52 48.8889
62.7451 56.6667 51.1111
58.9542 55 49.6296
72.1569 66 65.9259
66.2745 61 59.2593
73.7255 69.6667 65.9259
72.1569 64.3333 60.7407
74.1176 68.6667 67.4074
77.6471 72 70.3704
76.732 72.6667 72.5926
81.8301 75.6667 73.3333
76.4706 70.6667 71.1111
81.9608 74.6667 74.8148
80.915 76 75.5556
85.8824 78.6667 77.037
81.8301 73 72.5926
84.5752 74.3333 75.5556
85.6209 79 77.037
87.1895 80.3333 77.037
86.0131 75.3333 74.8148
86.4052 75.6667 74.0741
89.8039 81 77.7778
88.6275 81 78.5185
91.1111 79.6667 76.2963
89.4118 78 74.0741
91.7647 81 78.5185
90.8497 81.3333 78.5185
92.549 80.6667 78.5185
91.5033 80 76.2963
93.3333 81 78.5185
92.549 82.3333 78.5185
93.7255 82 78.5185
93.3333 80.3333 77.7778
93.9869 81.3333 79.2593
93.8562 82 77.7778
94.2484 82.3333 78.5185
94.5098 81.3333 79.2593
94.6405 82 79.2593
95.1634 83 78.5185
95.4248 83 78.5185
95.2941 83 79.2593
95.5556 82 79.2593
95.5556 83 77.7778
95.4248 83.6667 78.5185
95.6863 83.3333 77.7778
95.9477 83 78.5185
96.0784 83.3333 77.7778
95.9477 84 77.7778
96.0784 84 77.7778
96.2092 83.6667 77.7778
96.3399 83.6667 77.7778
96.3399 84.3333 77.7778
96.4706 84.6667 77.7778
96.3399 85 77.7778
96.3399 84.6667 77.7778
96.3399 85 77.7778
96.4706 85.3333 77.7778
96.6013 85.3333 77.7778
96.9935 85.3333 77.7778
96.9935 85.3333 77.7778
97.1242 85.3333 77.7778
97.1242 85.3333 78.5185
97.1242 85.3333 78.5185
97.2549 85.6667 78.5185
97.3856 85.6667 78.5185
97.5163 85.6667 78.5185
97.6471 85.6667 78.5185
97.7778 85.6667 78.5185
97.9085 85.6667 78.5185
97.9085 85.6667 78.5185
97.9085 85.6667 78.5185
98.1699 85.6667 78.5185
98.1699 85.6667 78.5185
98.1699 85.6667 78.5185
98.1699 85.6667 78.5185
98.1699 85.6667 78.5185
98.1699 85.6667 79.2593
98.1699 85.6667 79.2593
98.1699 85.6667 79.2593
98.1699 85.6667 79.2593
98.1699 85.6667 79.2593
98.3007 85.6667 79.2593
98.3007 85.6667 79.2593
98.3007 85.6667 79.2593
98.3007 85.6667 80
98.3007 85.6667 80
98.5621 85.6667 80.7407
98.5621 85.6667 80.7407
98.5621 85.6667 80.7407
98.5621 85.6667 80.7407
98.6928 85.6667 80.7407
98.6928 85.6667 80.7407
98.6928 85.6667 80.7407
98.6928 85.6667 80.7407
98.6928 85.6667 80.7407
98.6928 85.6667 80.7407
98.6928 85.6667 80.7407
98.6928 85.6667 80.7407
98.6928 85.6667 80.7407
98.6928 85.6667 80.7407
98.6928 85.6667 80.7407
98.6928 85.6667 80.7407
98.6928 85.6667 80.7407
98.6928 85.6667 80.7407
98.6928 85.6667 80.7407
98.6928 85.6667 80.7407
98.6928 85.6667 80.7407
98.6928 85.6667 80.7407
98.6928 85.6667 80.7407
98.6928 85.6667 80.7407
98.8235 85.6667 80.7407
98.9542 85.6667 80.7407
98.9542 85.6667 80.7407
99.085 85.6667 80.7407
99.085 85.6667 80.7407
99.085 85.6667 80.7407
99.085 85.6667 80.7407
99.085 85.6667 80.7407
99.2157 85.6667 80.7407
99.2157 85.6667 80.7407
99.2157 85.6667 80.7407
99.2157 85.6667 80.7407
99.3464 85.3333 80.7407
99.3464 85.3333 81.4815
99.3464 85.3333 81.4815
99.3464 85 81.4815
99.3464 85 81.4815
99.3464 85 81.4815
99.3464 85 81.4815
99.3464 85 81.4815
99.3464 85 81.4815
99.3464 85 81.4815
99.3464 85 81.4815
99.3464 85 81.4815
99.3464 85 81.4815
99.3464 85 81.4815
99.3464 85 81.4815
99.3464 85 81.4815
99.3464 85 81.4815
99.3464 85 81.4815
99.3464 85 81.4815
99.3464 85 81.4815
99.3464 85 81.4815
99.3464 85 81.4815
99.3464 85 81.4815
99.3464 85 81.4815
99.3464 85 81.4815
99.3464 85 81.4815
99.3464 85 81.4815
99.3464 85 81.4815
99.3464 85 81.4815
99.4771 85 81.4815
99.4771 85 81.4815
99.4771 85 81.4815
99.4771 85 81.4815
99.6078 85 81.4815
99.6078 85 81.4815
99.6078 85 81.4815
99.7386 85 81.4815
99.7386 85 81.4815
99.7386 85 81.4815
99.7386 85 81.4815
99.7386 85 81.4815
99.7386 85 81.4815
