75.1799 75.2294 70.8333
88.4892 93.578 87.5
79.8561 79.8165 91.6667
93.1655 90.8257 89.5833
73.0216 69.7248 68.75
92.8058 94.4954 93.75
79.1367 79.8165 91.6667
94.964 94.4954 95.8333
90.6475 90.8257 81.25
93.8849 92.6606 93.75
95.3237 94.4954 95.8333
94.964 94.4954 97.9167
96.4029 94.4954 95.8333
96.4029 96.3303 95.8333
96.7626 96.3303 95.8333
96.4029 96.3303 95.8333
96.4029 96.3303 95.8333
96.4029 96.3303 95.8333
96.4029 96.3303 95.8333
96.4029 96.3303 95.8333
96.4029 96.3303 95.8333
96.4029 97.2477 95.8333
96.4029 97.2477 97.9167
96.7626 97.2477 97.9167
96.7626 96.3303 97.9167
97.1223 96.3303 97.9167
97.1223 96.3303 97.9167
97.1223 96.3303 97.9167
97.1223 96.3303 97.9167
97.482 96.3303 97.9167
97.482 96.3303 97.9167
97.482 96.3303 97.9167
97.482 96.3303 97.9167
97.482 96.3303 97.9167
97.482 96.3303 97.9167
97.482 96.3303 97.9167
97.482 96.3303 97.9167
97.482 96.3303 97.9167
97.482 96.3303 97.9167
97.482 96.3303 97.9167
97.482 96.3303 97.9167
97.482 96.3303 97.9167
97.482 96.3303 97.9167
97.482 96.3303 97.9167
97.482 96.3303 97.9167
97.482 96.3303 97.9167
97.482 96.3303 97.9167
97.482 96.3303 97.9167
97.482 96.3303 97.9167
97.482 96.3303 97.9167
97.482 96.3303 97.9167
97.482 96.3303 97.9167
97.482 96.3303 97.9167
97.482 96.3303 97.9167
97.482 96.3303 97.9167
97.482 96.3303 97.9167
97.482 96.3303 97.9167
97.482 96.3303 97.9167
97.482 96.3303 97.9167
97.482 96.3303 97.9167
97.482 96.3303 97.9167
97.482 96.3303 97.9167
97.482 96.3303 97.9167
97.482 96.3303 97.9167
97.482 96.3303 97.9167
97.8417 96.3303 97.9167
97.8417 97.2477 97.9167
97.8417 97.2477 97.9167
97.8417 97.2477 97.9167
97.8417 97.2477 97.9167
97.8417 97.2477 97.9167
97.8417 97.2477 97.9167
97.8417 97.2477 97.9167
97.8417 97.2477 97.9167
97.8417 97.2477 97.9167
97.8417 97.2477 97.9167
97.8417 97.2477 97.9167
97.8417 97.2477 97.9167
97.8417 97.2477 97.9167
97.8417 97.2477 97.9167
98.2014 97.2477 97.9167
98.2014 97.2477 97.9167
98.2014 97.2477 97.9167
98.2014 97.2477 97.9167
98.2014 97.2477 97.9167
98.2014 97.2477 97.9167
98.5612 97.2477 97.9167
98.5612 97.2477 97.9167
98.5612 97.2477 97.9167
98.5612 97.2477 97.9167
98.5612 97.2477 97.9167
98.5612 97.2477 97.9167
98.5612 97.2477 97.9167
98.5612 97.2477 97.9167
98.5612 97.2477 97.9167
98.9209 97.2477 97.9167
98.9209 97.2477 97.9167
98.9209 97.2477 97.9167
98.9209 97.2477 97.9167
98.9209 97.2477 97.9167
98.9209 97.2477 97.9167
98.9209 97.2477 97.9167
98.9209 97.2477 97.9167
98.9209 97.2477 97.9167
98.9209 97.2477 97.9167
98.9209 97.2477 97.9167
98.9209 97.2477 97.9167
98.9209 97.2477 97.9167
98.9209 97.2477 97.9167
98.9209 97.2477 97.9167
98.9209 97.2477 97.9167
98.9209 97.2477 97.9167
98.9209 97.2477 97.9167
98.9209 97.2477 97.9167
98.9209 97.2477 97.9167
98.9209 97.2477 97.9167
98.9209 97.2477 97.9167
98.9209 97.2477 97.9167
98.9209 97.2477 97.9167
98.9209 97.2477 97.9167
98.9209 97.2477 97.9167
98.9209 97.2477 97.9167
98.9209 97.2477 97.9167
98.9209 97.2477 97.9167
98.9209 97.2477 97.9167
98.9209 97.2477 97.9167
98.9209 97.2477 97.9167
98.9209 97.2477 97.9167
98.9209 97.2477 97.9167
98.9209 97.2477 97.9167
98.9209 97.2477 97.9167
98.9209 97.2477 97.9167
98.9209 97.2477 97.9167
98.9209 97.2477 97.9167
98.9209 97.2477 97.9167
98.9209 97.2477 97.9167
98.9209 97.2477 97.9167
98.9209 97.2477 97.9167
98.9209 97.2477 97.9167
98.9209 97.2477 97.9167
98.9209 97.2477 97.9167
98.9209 97.2477 97.9167
98.9209 97.2477 97.9167
98.9209 97.2477 97.9167
98.9209 97.2477 97.9167
98.9209 97.2477 97.9167
98.9209 97.2477 97.9167
98.9209 97.2477 97.9167
98.9209 97.2477 97.9167
98.9209 97.2477 97.9167
98.9209 97.2477 97.9167
98.9209 97.2477 97.9167
98.9209 97.2477 97.9167
98.9209 97.2477 97.9167
98.9209 97.2477 97.9167
98.9209 97.2477 97.9167
98.9209 97.2477 97.9167
98.9209 97.2477 97.9167
98.9209 97.2477 97.9167
98.9209 97.2477 97.9167
98.9209 97.2477 97.9167
98.9209 97.2477 97.9167
99.2806 97.2477 97.9167
99.2806 97.2477 97.9167
99.2806 97.2477 97.9167
99.2806 97.2477 97.9167
99.2806 97.2477 97.9167
99.2806 97.2477 97.9167
99.2806 97.2477 97.9167
99.2806 97.2477 97.9167
99.2806 97.2477 97.9167
99.2806 97.2477 97.9167
99.2806 97.2477 97.9167
99.2806 97.2477 97.9167
99.2806 97.2477 97.9167
99.2806 97.2477 97.9167
99.2806 97.2477 97.9167
99.2806 97.2477 97.9167
99.2806 97.2477 97.9167
99.2806 97.2477 97.9167
99.2806 97.2477 97.9167
99.2806 97.2477 97.9167
99.2806 97.2477 97.9167
99.2806 97.2477 97.9167
99.2806 97.2477 97.9167
99.2806 97.2477 97.9167
99.2806 97.2477 97.9167
99.2806 97.2477 97.9167
99.2806 97.2477 97.9167
99.2806 97.2477 97.9167
99.2806 97.2477 97.9167
99.2806 97.2477 97.9167
99.2806 97.2477 97.9167
99.2806 97.2477 97.9167
99.2806 97.2477 97.9167
99.2806 97.2477 97.9167
99.2806 97.2477 97.9167
99.2806 97.2477 97.9167
99.2806 97.2477 97.9167
99.2806 97.2477 97.9167
99.2806 97.2477 97.9167
99.2806 97.2477 97.9167
99.2806 97.2477 97.9167
99.2806 97.2477 97.9167
99.2806 97.2477 97.9167
99.2806 97.2477 97.9167
99.2806 97.2477 97.9167
99.2806 97.2477 97.9167
99.2806 97.2477 97.9167
99.2806 97.2477 97.9167
99.2806 97.2477 97.9167
99.2806 97.2477 97.9167
99.2806 97.2477 97.9167
99.2806 97.2477 97.9167
99.2806 97.2477 97.9167
99.2806 97.2477 97.9167
99.2806 97.2477 97.9167
99.2806 97.2477 97.9167
99.2806 97.2477 97.9167
99.2806 97.2477 97.9167
99.2806 97.2477 97.9167
99.2806 97.2477 97.9167
99.2806 97.2477 97.9167
99.2806 97.2477 97.9167
99.2806 97.2477 97.9167
99.2806 97.2477 97.9167
99.2806 97.2477 97.9167
99.2806 97.2477 97.9167
99.2806 97.2477 97.9167
99.2806 97.2477 97.9167
99.2806 97.2477 97.9167
99.2806 97.2477 97.9167
99.2806 97.2477 97.9167
99.2806 97.2477 97.9167
99.2806 97.2477 97.9167
99.2806 97.2477 97.9167
99.2806 97.2477 97.9167
99.2806 97.2477 97.9167
99.2806 97.2477 97.9167
99.2806 97.2477 97.9167
99.2806 97.2477 97.9167
99.2806 97.2477 97.9167
99.2806 97.2477 97.9167
99.2806 97.2477 97.9167
99.2806 97.2477 97.9167
99.2806 97.2477 97.9167
99.2806 97.2477 97.9167
99.2806 97.2477 97.9167
99.2806 97.2477 97.9167
99.2806 97.2477 97.9167
99.2806 97.2477 97.9167
99.2806 97.2477 97.9167
99.2806 97.2477 97.9167
99.2806 97.2477 97.9167
99.2806 97.2477 97.9167
99.2806 97.2477 97.9167
99.2806 97.2477 97.9167
99.2806 97.2477 97.9167
99.2806 97.2477 97.9167
99.2806 97.2477 97.9167
99.2806 97.2477 97.9167
99.2806 97.2477 97.9167
99.2806 97.2477 97.9167
99.2806 97.2477 97.9167
99.2806 97.2477 97.9167
99.2806 97.2477 97.9167
99.2806 97.2477 97.9167
99.2806 97.2477 97.9167
99.2806 97.2477 97.9167
99.2806 97.2477 97.9167
99.2806 97.2477 97.9167
99.2806 97.2477 97.9167
99.2806 97.2477 97.9167
99.2806 96.3303 97.9167
99.2806 96.3303 97.9167
99.2806 96.3303 97.9167
99.2806 96.3303 97.9167
99.2806 96.3303 97.9167
99.2806 96.3303 97.9167
99.2806 96.3303 97.9167
99.2806 96.3303 97.9167
99.2806 96.3303 97.9167
99.2806 96.3303 97.9167
99.2806 96.3303 97.9167
99.2806 96.3303 97.9167
99.2806 96.3303 97.9167
99.2806 96.3303 97.9167
99.2806 96.3303 97.9167
99.2806 96.3303 97.9167
99.2806 96.3303 97.9167
99.2806 96.3303 97.9167
99.2806 96.3303 97.9167
99.2806 96.3303 97.9167
99.2806 96.3303 97.9167
99.2806 96.3303 97.9167
99.2806 96.3303 97.9167
99.2806 96.3303 97.9167
99.2806 96.3303 97.9167
99.2806 96.3303 97.9167
99.2806 96.3303 97.9167
99.2806 96.3303 97.9167
99.2806 96.3303 97.9167
99.2806 96.3303 97.9167
99.2806 96.3303 97.9167
99.2806 96.3303 97.9167
99.2806 96.3303 97.9167
99.2806 96.3303 97.9167
99.2806 96.3303 97.9167
99.2806 96.3303 97.9167
99.2806 96.3303 97.9167
99.2806 96.3303 97.9167
99.2806 96.3303 97.9167
99.2806 96.3303 97.9167
99.2806 96.3303 97.9167
99.2806 96.3303 97.9167
99.2806 96.3303 97.9167
99.2806 96.3303 97.9167
99.2806 96.3303 97.9167
99.2806 96.3303 97.9167
99.2806 96.3303 97.9167
99.2806 96.3303 97.9167
99.2806 96.3303 97.9167
99.2806 96.3303 97.9167
99.2806 96.3303 97.9167
99.2806 96.3303 97.9167
99.2806 96.3303 97.9167
99.2806 96.3303 97.9167
99.2806 96.3303 97.9167
99.2806 96.3303 97.9167
99.2806 96.3303 97.9167
99.2806 96.3303 97.9167
99.2806 96.3303 97.9167
99.2806 96.3303 97.9167
99.2806 96.3303 97.9167
99.2806 96.3303 97.9167
99.2806 96.3303 97.9167
99.2806 96.3303 97.9167
99.2806 96.3303 97.9167
99.2806 96.3303 97.9167
99.2806 96.3303 97.9167
99.2806 96.3303 97.9167
99.2806 96.3303 97.9167
99.2806 96.3303 97.9167
99.2806 96.3303 97.9167
99.2806 96.3303 97.9167
99.2806 96.3303 97.9167
99.2806 96.3303 97.9167
99.2806 96.3303 97.9167
99.2806 96.3303 97.9167
99.2806 96.3303 97.9167
99.2806 96.3303 97.9167
99.2806 96.3303 97.9167
99.2806 96.3303 97.9167
99.2806 96.3303 97.9167
99.2806 96.3303 97.9167
99.2806 96.3303 97.9167
99.2806 96.3303 97.9167
99.2806 96.3303 97.9167
99.2806 96.3303 97.9167
99.2806 96.3303 97.9167
99.2806 96.3303 97.9167
99.2806 96.3303 97.9167
99.2806 96.3303 97.9167
99.2806 96.3303 97.9167
99.2806 96.3303 97.9167
99.2806 96.3303 97.9167
99.2806 96.3303 97.9167
99.2806 96.3303 97.9167
99.2806 96.3303 97.9167
99.2806 96.3303 97.9167
99.2806 96.3303 97.9167
99.2806 96.3303 97.9167
99.2806 96.3303 97.9167
99.2806 96.3303 97.9167
99.2806 96.3303 97.9167
99.2806 96.3303 97.9167
99.2806 96.3303 97.9167
99.2806 96.3303 97.9167
99.2806 96.3303 97.9167
99.2806 96.3303 97.9167
99.2806 96.3303 97.9167
99.2806 96.3303 97.9167
99.2806 96.3303 97.9167
99.2806 96.3303 97.9167
99.2806 96.3303 97.9167
99.2806 96.3303 97.9167
99.2806 96.3303 97.9167
99.2806 96.3303 97.9167
99.2806 96.3303 97.9167
99.2806 96.3303 97.9167
99.2806 96.3303 97.9167
99.2806 96.3303 97.9167
99.2806 96.3303 97.9167
99.2806 96.3303 97.9167
99.2806 96.3303 97.9167
99.2806 96.3303 97.9167
99.2806 96.3303 97.9167
99.2806 96.3303 97.9167
99.2806 96.3303 97.9167
99.2806 96.3303 97.9167
99.2806 96.3303 97.9167
99.2806 96.3303 97.9167
99.2806 96.3303 97.9167
99.2806 96.3303 97.9167
99.2806 96.3303 97.9167
99.2806 96.3303 97.9167
99.2806 96.3303 97.9167
99.2806 96.3303 97.9167
99.2806 96.3303 97.9167
99.2806 96.3303 97.9167
99.2806 96.3303 97.9167
99.2806 96.3303 97.9167
99.2806 96.3303 97.9167
99.2806 96.3303 97.9167
99.2806 96.3303 97.9167
99.2806 96.3303 97.9167
99.2806 96.3303 97.9167
99.2806 96.3303 97.9167
99.2806 96.3303 97.9167
99.2806 96.3303 97.9167
99.2806 96.3303 97.9167
99.2806 96.3303 97.9167
99.2806 96.3303 97.9167
99.2806 96.3303 97.9167
99.2806 96.3303 97.9167
99.2806 96.3303 97.9167
99.2806 96.3303 97.9167
99.2806 96.3303 97.9167
99.2806 96.3303 97.9167
99.2806 96.3303 97.9167
99.2806 96.3303 97.9167
99.2806 96.3303 97.9167
99.2806 96.3303 97.9167
99.2806 96.3303 97.9167
99.2806 96.3303 97.9167
99.2806 96.3303 97.9167
99.2806 96.3303 97.9167
99.2806 96.3303 97.9167
99.2806 96.3303 97.9167
99.2806 96.3303 97.9167
99.2806 96.3303 97.9167
99.2806 96.3303 97.9167
99.2806 96.3303 97.9167
99.2806 96.3303 97.9167
99.2806 96.3303 97.9167
99.2806 96.3303 97.9167
99.2806 96.3303 97.9167
99.2806 96.3303 97.9167
99.2806 96.3303 97.9167
99.2806 96.3303 97.9167
99.2806 96.3303 97.9167
99.2806 96.3303 97.9167
99.2806 96.3303 97.9167
99.2806 96.3303 97.9167
99.2806 96.3303 97.9167
99.2806 96.3303 97.9167
99.2806 96.3303 97.9167
99.2806 96.3303 97.9167
99.2806 96.3303 97.9167
99.2806 96.3303 97.9167
99.2806 96.3303 97.9167
99.2806 96.3303 97.9167
99.2806 96.3303 97.9167
99.2806 96.3303 97.9167
99.2806 96.3303 97.9167
99.2806 96.3303 97.9167
99.2806 96.3303 97.9167
99.2806 96.3303 97.9167
99.2806 96.3303 97.9167
99.2806 96.3303 97.9167
99.2806 96.3303 97.9167
99.2806 96.3303 97.9167
99.2806 96.3303 97.9167
99.2806 96.3303 97.9167
99.2806 96.3303 97.9167
99.2806 96.3303 97.9167
99.2806 96.3303 97.9167
99.2806 96.3303 97.9167
99.2806 96.3303 97.9167
99.2806 96.3303 97.9167
99.2806 96.3303 97.9167
99.2806 96.3303 97.9167
99.2806 96.3303 97.9167
99.2806 96.3303 97.9167
99.2806 96.3303 97.9167
99.2806 96.3303 97.9167
99.2806 96.3303 97.9167
99.2806 96.3303 97.9167
99.2806 96.3303 97.9167
99.2806 96.3303 97.9167
99.2806 96.3303 97.9167
99.2806 96.3303 97.9167
99.2806 96.3303 97.9167
99.2806 96.3303 97.9167
99.2806 96.3303 97.9167
99.2806 96.3303 97.9167
99.2806 96.3303 97.9167
99.2806 96.3303 97.9167
99.2806 96.3303 97.9167
99.2806 96.3303 97.9167
99.2806 96.3303 97.9167
99.2806 96.3303 97.9167
99.2806 96.3303 97.9167
99.2806 96.3303 97.9167
99.2806 96.3303 97.9167
99.2806 96.3303 97.9167
99.2806 96.3303 97.9167
99.2806 96.3303 97.9167
99.2806 96.3303 97.9167
99.2806 96.3303 97.9167
99.2806 96.3303 97.9167
99.2806 96.3303 97.9167
99.2806 96.3303 97.9167
99.2806 96.3303 97.9167
99.2806 96.3303 97.9167
99.2806 96.3303 97.9167
99.2806 96.3303 97.9167
99.2806 96.3303 97.9167
99.2806 96.3303 97.9167
99.2806 96.3303 97.9167
99.2806 96.3303 97.9167
99.2806 96.3303 97.9167
99.2806 96.3303 97.9167
99.2806 96.3303 97.9167
99.2806 96.3303 97.9167
99.2806 96.3303 97.9167
99.2806 96.3303 97.9167
99.2806 96.3303 97.9167
99.2806 96.3303 97.9167
99.2806 96.3303 97.9167
99.2806 96.3303 97.9167
99.2806 96.3303 97.9167
99.2806 96.3303 97.9167
99.2806 96.3303 97.9167
99.2806 96.3303 97.9167
99.2806 96.3303 97.9167
99.2806 96.3303 97.9167
99.2806 96.3303 97.9167
99.2806 96.3303 97.9167
99.2806 96.3303 97.9167
99.2806 96.3303 97.9167
99.2806 96.3303 97.9167
99.2806 96.3303 97.9167
99.2806 96.3303 97.9167
99.2806 96.3303 97.9167
99.2806 96.3303 97.9167
99.2806 96.3303 97.9167
99.2806 96.3303 97.9167
99.2806 96.3303 97.9167
99.2806 96.3303 97.9167
99.2806 96.3303 97.9167
99.2806 96.3303 97.9167
99.2806 96.3303 97.9167
99.2806 96.3303 97.9167
99.2806 96.3303 97.9167
99.2806 96.3303 97.9167
99.2806 96.3303 97.9167
99.2806 96.3303 97.9167
99.2806 96.3303 97.9167
99.2806 96.3303 97.9167
99.2806 96.3303 97.9167
99.2806 96.3303 97.9167
99.2806 96.3303 97.9167
99.2806 96.3303 97.9167
99.2806 96.3303 97.9167
99.2806 96.3303 95.8333
99.2806 96.3303 95.8333
99.2806 96.3303 95.8333
99.2806 96.3303 95.8333
99.2806 96.3303 95.8333
99.2806 96.3303 95.8333
99.2806 96.3303 95.8333
99.2806 96.3303 95.8333
99.2806 96.3303 95.8333
99.2806 96.3303 95.8333
99.2806 96.3303 95.8333
99.2806 96.3303 95.8333
99.2806 96.3303 95.8333
99.2806 96.3303 95.8333
99.2806 96.3303 95.8333
99.2806 96.3303 95.8333
99.2806 96.3303 95.8333
99.2806 96.3303 95.8333
99.2806 96.3303 95.8333
99.2806 96.3303 95.8333
99.2806 96.3303 95.8333
99.2806 96.3303 95.8333
99.2806 96.3303 95.8333
99.2806 96.3303 95.8333
99.2806 96.3303 95.8333
99.2806 96.3303 95.8333
99.2806 96.3303 95.8333
99.2806 96.3303 95.8333
99.2806 96.3303 95.8333
99.2806 96.3303 95.8333
99.2806 96.3303 95.8333
99.2806 96.3303 95.8333
99.2806 96.3303 95.8333
99.2806 96.3303 95.8333
99.2806 96.3303 95.8333
99.2806 96.3303 95.8333
99.2806 96.3303 95.8333
99.2806 96.3303 95.8333
99.2806 96.3303 95.8333
99.2806 96.3303 95.8333
99.2806 96.3303 95.8333
99.2806 96.3303 95.8333
99.2806 96.3303 95.8333
99.2806 96.3303 95.8333
99.2806 96.3303 95.8333
99.2806 96.3303 95.8333
99.2806 96.3303 95.8333
99.2806 96.3303 95.8333
99.2806 96.3303 95.8333
99.2806 96.3303 95.8333
99.2806 96.3303 95.8333
99.2806 96.3303 95.8333
99.2806 96.3303 95.8333
99.2806 96.3303 95.8333
99.2806 96.3303 95.8333
99.2806 96.3303 95.8333
99.2806 96.3303 95.8333
99.2806 96.3303 95.8333
99.2806 96.3303 95.8333
99.2806 96.3303 95.8333
99.2806 96.3303 95.8333
99.2806 96.3303 95.8333
99.2806 96.3303 95.8333
99.2806 96.3303 95.8333
99.2806 96.3303 95.8333
99.2806 96.3303 95.8333
99.2806 96.3303 95.8333
99.2806 96.3303 95.8333
99.2806 96.3303 95.8333
99.2806 96.3303 95.8333
99.2806 96.3303 95.8333
99.2806 96.3303 95.8333
99.2806 96.3303 95.8333
99.2806 96.3303 95.8333
99.2806 96.3303 95.8333
99.2806 96.3303 95.8333
99.2806 96.3303 95.8333
99.2806 96.3303 95.8333
99.2806 96.3303 95.8333
99.2806 96.3303 95.8333
99.2806 96.3303 95.8333
99.2806 96.3303 95.8333
99.2806 96.3303 95.8333
99.2806 96.3303 95.8333
99.2806 96.3303 95.8333
99.2806 96.3303 95.8333
99.2806 96.3303 95.8333
99.2806 96.3303 95.8333
99.2806 96.3303 95.8333
99.2806 96.3303 95.8333
99.2806 96.3303 95.8333
99.2806 96.3303 95.8333
99.2806 96.3303 95.8333
99.2806 96.3303 95.8333
99.2806 96.3303 95.8333
99.2806 96.3303 95.8333
99.2806 96.3303 95.8333
99.2806 96.3303 95.8333
99.2806 96.3303 95.8333
99.2806 96.3303 95.8333
99.2806 96.3303 95.8333
99.2806 96.3303 95.8333
99.2806 96.3303 95.8333
99.2806 96.3303 95.8333
99.2806 96.3303 95.8333
99.2806 96.3303 95.8333
99.2806 96.3303 95.8333
99.2806 96.3303 95.8333
99.2806 96.3303 95.8333
99.2806 96.3303 95.8333
99.2806 96.3303 95.8333
99.2806 96.3303 95.8333
99.2806 96.3303 95.8333
99.2806 96.3303 95.8333
99.2806 96.3303 95.8333
99.2806 96.3303 95.8333
99.2806 96.3303 95.8333
99.2806 96.3303 95.8333
99.2806 96.3303 95.8333
99.2806 96.3303 95.8333
99.2806 96.3303 95.8333
99.2806 96.3303 95.8333
99.2806 96.3303 95.8333
99.2806 96.3303 95.8333
99.2806 96.3303 95.8333
99.2806 96.3303 95.8333
99.2806 96.3303 95.8333
99.2806 96.3303 95.8333
99.2806 96.3303 95.8333
99.2806 96.3303 95.8333
99.2806 96.3303 95.8333
99.2806 96.3303 95.8333
99.2806 96.3303 95.8333
99.2806 96.3303 95.8333
99.2806 96.3303 95.8333
99.2806 96.3303 95.8333
99.2806 96.3303 95.8333
99.2806 96.3303 95.8333
99.2806 96.3303 95.8333
99.2806 96.3303 95.8333
99.2806 96.3303 95.8333
99.2806 96.3303 95.8333
99.2806 96.3303 95.8333
99.2806 96.3303 95.8333
99.2806 96.3303 95.8333
99.2806 96.3303 95.8333
99.2806 96.3303 95.8333
99.2806 96.3303 95.8333
99.2806 96.3303 95.8333
99.2806 96.3303 95.8333
99.2806 96.3303 95.8333
99.2806 96.3303 95.8333
99.2806 96.3303 95.8333
99.2806 96.3303 95.8333
99.2806 96.3303 95.8333
99.2806 96.3303 95.8333
99.2806 96.3303 95.8333
99.2806 96.3303 95.8333
99.2806 96.3303 95.8333
99.2806 96.3303 95.8333
99.2806 96.3303 95.8333
99.2806 96.3303 95.8333
99.2806 96.3303 95.8333
99.2806 96.3303 95.8333
99.2806 96.3303 95.8333
99.2806 96.3303 95.8333
99.2806 96.3303 95.8333
99.2806 96.3303 95.8333
99.2806 96.3303 95.8333
99.2806 96.3303 95.8333
99.2806 96.3303 95.8333
99.2806 96.3303 95.8333
99.2806 96.3303 95.8333
99.2806 96.3303 95.8333
99.2806 96.3303 95.8333
99.2806 96.3303 95.8333
99.2806 96.3303 95.8333
99.2806 96.3303 95.8333
99.2806 96.3303 95.8333
99.2806 96.3303 95.8333
99.2806 96.3303 95.8333
99.2806 96.3303 95.8333
99.2806 96.3303 95.8333
99.2806 96.3303 95.8333
99.2806 96.3303 95.8333
99.2806 96.3303 95.8333
99.2806 96.3303 95.8333
99.2806 96.3303 95.8333
99.2806 96.3303 95.8333
99.2806 96.3303 95.8333
99.2806 96.3303 95.8333
99.2806 96.3303 95.8333
99.2806 96.3303 95.8333
99.2806 96.3303 95.8333
99.2806 96.3303 95.8333
99.2806 96.3303 95.8333
99.2806 96.3303 95.8333
99.2806 96.3303 95.8333
99.2806 96.3303 95.8333
99.2806 96.3303 95.8333
99.2806 96.3303 95.8333
99.2806 96.3303 95.8333
99.2806 96.3303 95.8333
99.2806 96.3303 95.8333
99.2806 96.3303 95.8333
99.2806 96.3303 95.8333
99.2806 96.3303 95.8333
99.2806 96.3303 95.8333
99.2806 96.3303 95.8333
99.2806 96.3303 95.8333
99.2806 96.3303 95.8333
99.2806 96.3303 95.8333
99.2806 96.3303 95.8333
99.2806 96.3303 95.8333
99.2806 96.3303 95.8333
99.2806 96.3303 95.8333
99.2806 96.3303 95.8333
99.2806 96.3303 95.8333
99.2806 96.3303 95.8333
99.2806 96.3303 95.8333
99.2806 96.3303 95.8333
99.2806 96.3303 95.8333
99.2806 96.3303 95.8333
99.2806 96.3303 95.8333
99.2806 96.3303 95.8333
99.2806 96.3303 95.8333
99.2806 96.3303 95.8333
99.2806 96.3303 95.8333
99.2806 96.3303 95.8333
99.2806 96.3303 95.8333
99.2806 96.3303 95.8333
99.2806 96.3303 95.8333
99.2806 96.3303 95.8333
99.2806 96.3303 95.8333
99.2806 96.3303 95.8333
99.2806 96.3303 95.8333
99.2806 96.3303 95.8333
99.2806 96.3303 95.8333
99.2806 96.3303 95.8333
99.2806 96.3303 95.8333
99.2806 96.3303 95.8333
99.2806 96.3303 95.8333
99.2806 96.3303 95.8333
99.2806 96.3303 95.8333
99.2806 96.3303 95.8333
99.2806 96.3303 95.8333
99.2806 96.3303 95.8333
99.2806 96.3303 95.8333
99.2806 96.3303 95.8333
99.2806 96.3303 95.8333
99.2806 96.3303 95.8333
99.2806 96.3303 95.8333
99.2806 96.3303 95.8333
99.2806 96.3303 95.8333
99.2806 96.3303 95.8333
99.2806 96.3303 95.8333
99.2806 96.3303 95.8333
99.2806 96.3303 95.8333
99.2806 96.3303 95.8333
99.2806 96.3303 95.8333
99.2806 96.3303 95.8333
99.2806 96.3303 95.8333
99.2806 96.3303 95.8333
99.2806 96.3303 95.8333
99.2806 96.3303 95.8333
99.2806 96.3303 95.8333
99.2806 96.3303 95.8333
99.2806 96.3303 95.8333
99.2806 96.3303 95.8333
99.2806 96.3303 95.8333
99.2806 96.3303 95.8333
99.2806 96.3303 95.8333
99.2806 96.3303 95.8333
99.2806 96.3303 95.8333
99.2806 96.3303 95.8333
99.2806 96.3303 95.8333
99.2806 96.3303 95.8333
99.2806 96.3303 95.8333
99.2806 96.3303 95.8333
99.2806 96.3303 95.8333
99.2806 96.3303 95.8333
99.2806 96.3303 95.8333
99.2806 96.3303 95.8333
99.2806 96.3303 95.8333
99.2806 96.3303 95.8333
99.2806 96.3303 95.8333
99.2806 96.3303 95.8333
99.2806 96.3303 95.8333
99.2806 96.3303 95.8333
99.2806 95.4128 95.8333
99.2806 95.4128 95.8333
99.2806 95.4128 95.8333
99.2806 95.4128 95.8333
99.2806 95.4128 95.8333
99.2806 95.4128 95.8333
99.2806 95.4128 95.8333
99.2806 95.4128 95.8333
99.2806 95.4128 95.8333
99.2806 95.4128 95.8333
99.2806 95.4128 95.8333
99.2806 95.4128 95.8333
99.2806 95.4128 95.8333
99.2806 95.4128 95.8333
99.2806 95.4128 95.8333
99.2806 95.4128 95.8333
99.2806 95.4128 95.8333
99.2806 95.4128 95.8333
99.2806 95.4128 95.8333
99.2806 95.4128 95.8333
99.2806 95.4128 95.8333
99.2806 95.4128 95.8333
99.2806 95.4128 95.8333
99.2806 95.4128 95.8333
99.2806 95.4128 95.8333
99.2806 95.4128 95.8333
99.2806 95.4128 95.8333
99.2806 95.4128 95.8333
99.2806 95.4128 95.8333
99.2806 95.4128 95.8333
99.2806 95.4128 95.8333
99.2806 95.4128 95.8333
99.2806 95.4128 95.8333
99.2806 95.4128 95.8333
99.2806 95.4128 95.8333
99.2806 95.4128 95.8333
99.2806 95.4128 95.8333
99.2806 95.4128 95.8333
99.2806 95.4128 95.8333
99.2806 95.4128 95.8333
99.2806 95.4128 95.8333
99.2806 95.4128 95.8333
99.2806 95.4128 95.8333
99.2806 95.4128 95.8333
99.2806 95.4128 95.8333
99.2806 95.4128 95.8333
99.2806 95.4128 95.8333
99.2806 95.4128 95.8333
99.2806 95.4128 95.8333
99.2806 95.4128 95.8333
99.2806 95.4128 95.8333
99.2806 95.4128 95.8333
99.2806 95.4128 95.8333
99.2806 95.4128 95.8333
99.2806 95.4128 95.8333
99.2806 95.4128 95.8333
99.2806 95.4128 95.8333
99.2806 95.4128 95.8333
99.2806 95.4128 95.8333
99.2806 95.4128 95.8333
99.2806 95.4128 95.8333
99.2806 95.4128 95.8333
99.2806 95.4128 95.8333
99.2806 95.4128 95.8333
99.2806 95.4128 95.8333
99.2806 95.4128 95.8333
99.2806 95.4128 95.8333
99.2806 95.4128 95.8333
99.2806 95.4128 95.8333
99.2806 95.4128 95.8333
99.2806 95.4128 95.8333
99.2806 95.4128 95.8333
99.2806 95.4128 95.8333
99.2806 95.4128 95.8333
99.2806 95.4128 95.8333
99.2806 95.4128 95.8333
99.2806 95.4128 95.8333
99.2806 95.4128 95.8333
99.2806 95.4128 95.8333
99.2806 95.4128 95.8333
99.2806 95.4128 95.8333
99.2806 95.4128 95.8333
99.2806 95.4128 95.8333
99.2806 95.4128 95.8333
99.2806 95.4128 95.8333
99.2806 95.4128 95.8333
99.2806 95.4128 95.8333
99.2806 95.4128 95.8333
99.2806 95.4128 95.8333
99.2806 95.4128 95.8333
99.2806 95.4128 95.8333
99.2806 95.4128 95.8333
99.2806 95.4128 95.8333
99.2806 95.4128 95.8333
99.2806 95.4128 95.8333
99.2806 95.4128 95.8333
99.2806 95.4128 95.8333
99.2806 95.4128 95.8333
99.2806 95.4128 95.8333
99.2806 95.4128 95.8333
99.2806 95.4128 95.8333
99.2806 95.4128 95.8333
99.2806 95.4128 95.8333
99.2806 95.4128 95.8333
99.2806 95.4128 95.8333
99.2806 95.4128 95.8333
99.2806 95.4128 95.8333
99.2806 95.4128 95.8333
99.2806 95.4128 95.8333
99.2806 95.4128 95.8333
99.2806 95.4128 95.8333
99.2806 95.4128 95.8333
99.2806 95.4128 95.8333
99.2806 95.4128 95.8333
99.2806 95.4128 95.8333
99.2806 95.4128 95.8333
99.2806 95.4128 95.8333
99.2806 95.4128 95.8333
99.2806 95.4128 95.8333
99.2806 95.4128 95.8333
99.2806 95.4128 95.8333
99.2806 95.4128 95.8333
99.2806 95.4128 95.8333
99.2806 95.4128 95.8333
99.2806 95.4128 95.8333
99.2806 95.4128 95.8333
99.2806 95.4128 95.8333
99.2806 95.4128 95.8333
99.2806 95.4128 95.8333
99.2806 95.4128 95.8333
99.2806 95.4128 95.8333
99.2806 95.4128 95.8333
99.2806 95.4128 95.8333
99.2806 95.4128 95.8333
99.2806 95.4128 95.8333
99.2806 95.4128 95.8333
99.2806 95.4128 95.8333
99.2806 95.4128 95.8333
99.2806 95.4128 95.8333
99.2806 95.4128 95.8333
99.2806 95.4128 95.8333
99.2806 95.4128 95.8333
99.2806 95.4128 95.8333
99.2806 95.4128 95.8333
99.2806 95.4128 95.8333
99.2806 95.4128 95.8333
